6184
2095
9759
2884
2950
8180
3788
5549
8526
322
8013
8817
3228
6885
9928
4430
8494
1309
5082
977
4738
9241
2454
10086
4429
8353
3869
7729
2571
1786
3244
9752
3105
8750
6142
1702
1374
5025
2042
1912
249
1818
1409
81
10194
1285
3381
4505
7463
7653
8461
6115
4696
5173
9109
2019
294
10155
541
1452
9726
9181
1961
7980
4598
2218
3877
1839
7225
9697
3065
7990
5106
5314
7025
3741
5556
3174
8798
5614
10000
2239
2867
6845
6361
686
3767
658
5088
8947
4881
4491
4574
1471
10114
3600
1041
9940
3612
6580
5443
5251
8046
1693
6294
1232
4072
8645
1338
2129
7253
2687
2957
9321
7268
8722
5542
3006
571
4193
9815
7506
7212
6474
7700
2826
6559
8521
1646
7819
7023
8132
315
6879
4239
7032
7808
3216
6873
7281
9421
6700
8
4921
6290
8509
2879
4316
156
8943
4936
3608
4829
9070
8589
10171
6047
2603
5835
9462
3714
8691
3780
4475
4658
259
7841
5005
826
4498
1060
824
8649
5188
338
8429
2086
9787
4864
5554
3414
5936
8282
290
3169
10222
5627
5220
300
6704
9292
8078
7385
5123
3376
5618
138
1137
2904
79
140
3233
5329
5283
894
9120
8456
3698
910
3816
1087
5426
9826
8137
4109
9097
8556
6023
3048
4033
1588
9057
5259
7169
5856
956
171
10019
9210
7003
3374
724
2155
4237
8249
518
2547
3326
3023
8051
569
6794
6984
9554
9078
3666
9746
2920
8376
908
4601
8571
7774
1650
7036
3349
92
6880
5737
2299
5898
1956
3196
1180
8177
9967
10002
4628
1069
2326
7035
6783
2102
8612
6252
8470
564
1666
6759
7295
4443
3456
3841
7949
8933
8830
3762
8912
1058
4278
2621
3783
2881
7373
3959
1228
5445
7405
1078
5397
6042
5802
4168
5606
1469
8423
4478
9498
6768
5803
2255
6072
4141
7455
4254
5820
4596
1824
8499
2466
8636
1860
369
2022
5666
9749
4802
4515
8678
176
4659
109
5795
2395
7473
2800
6188
4774
535
10123
10037
3264
5954
3466
2514
4547
1984
8723
8395
9962
1096
3494
514
8067
7848
1547
7210
8194
8979
1736
8899
4976
102
9375
5484
7995
2976
2170
7851
3531
10087
4777
1030
2821
4201
895
5987
36
7906
1305
9482
4542
7447
7839
7944
223
5642
10020
8275
4477
4932
4684
2626
2664
9553
4748
4820
9509
193
7177
6439
1885
2697
5602
8160
2736
3724
8296
5228
7317
2662
6197
63
1525
1769
7243
1753
6109
2631
9653
2496
948
2679
8041
8730
4931
1598
6625
5866
8224
5239
1171
8213
8443
7948
1648
5670
2153
4651
3189
8386
8985
3853
6441
8276
8190
3305
4784
7354
4623
8064
2324
10230
9413
8866
9451
82
8793
9378
3900
1322
1881
2807
9385
9937
7267
9140
6089
218
1334
6504
3390
355
9414
6747
7860
7825
5758
452
1427
6362
4248
6444
9236
4753
8929
4643
7515
9116
3848
1741
4555
9755
3668
10074
8878
7577
5061
7187
8881
2367
6137
2510
987
1439
512
7001
1703
1482
2300
2107
7972
98
9484
2683
3525
6458
1891
9727
7201
5422
1966
9036
8162
5141
8315
6776
4129
7667
9733
4017
7554
2573
8008
5255
6033
6906
7190
2650
8442
9885
461
5824
3817
6677
2627
6149
5415
8879
1800
5071
1063
1475
3793
525
8890
7250
6665
9719
2869
8745
5894
6521
4057
5811
1218
2295
6016
5568
9841
4667
4831
8908
7548
875
8580
7084
2616
5951
10172
242
8161
7575
1254
7117
4930
8175
8607
5320
2694
10166
7811
5471
45
8820
8402
5868
2500
7069
9029
6762
1477
8749
6967
1730
9494
9993
9599
6974
4039
1267
9461
3903
8025
5157
5719
1384
2503
9010
7770
7133
10202
1593
4190
7998
7726
9997
2864
5541
7696
7760
123
9698
10082
8465
8500
4516
7740
6271
6989
8118
2861
870
3075
8647
7853
3739
6363
4435
3070
4271
7587
6643
4697
3269
7789
5579
4451
2778
6939
6269
4900
4133
8868
6071
720
5927
690
8970
8004
132
1945
3882
9467
9966
264
4433
7054
7428
9769
7490
6407
7285
6434
8919
3108
5957
1889
8532
1763
3663
8900
377
9854
145
8948
5971
10106
4103
5321
6660
5956
10178
7332
3451
9525
7495
8187
858
6536
4975
5938
530
1053
8498
8130
6943
8608
5711
9621
6450
9766
5101
2364
91
999
1329
5498
10193
5932
3979
87
4147
6551
9359
256
6509
2140
9055
7417
4710
3931
4042
9052
9186
5892
6640
10160
6714
4148
6512
10061
4012
6933
361
7241
707
9197
1421
8403
4335
6196
9289
9742
715
7902
9740
7862
1407
2292
4634
7352
490
9779
3629
4794
2052
203
5867
400
1387
5030
8568
3178
1999
6716
2563
9477
1708
9464
1631
1333
778
10103
10077
7569
5797
7929
8715
1224
7764
8006
3054
5977
4394
1654
8136
761
5639
9855
4227
1420
2651
8906
5119
1369
3770
8181
5479
9423
9038
2149
9449
106
5852
8302
586
8605
9832
3200
2323
4941
7146
1911
583
4704
5371
4468
5065
7805
9610
3343
2450
5331
4091
1624
7072
4436
6958
3092
4580
6346
3175
9595
6015
9422
2065
9475
3378
3951
8031
8360
1802
10069
9054
5240
10059
4800
4837
310
6758
6415
3144
9096
3802
30
28
8176
9594
10062
6332
8191
1576
2584
2649
8437
7097
5905
6956
9728
127
9433
3710
7777
3510
5102
2847
233
9717
9823
5784
4816
4999
5896
9220
2453
9563
7842
1014
7114
4083
4174
1415
7450
8510
7997
8613
9015
9389
2159
3030
6306
9137
4140
7151
3142
2399
1586
7413
8639
8288
9039
7568
2639
8925
7546
3477
5304
624
3219
9773
5266
906
7533
8446
4561
846
8039
3562
5168
1679
7088
1582
1996
3149
4452
3492
9751
4471
3602
3795
5988
8738
3296
5878
7837
2172
1188
8015
9768
2008
8111
7983
1328
7363
5305
2661
4302
5920
8156
7840
9456
4537
6402
5472
2110
2421
8651
5208
7333
3919
9879
6077
7947
47
3357
2273
2271
7350
5884
2890
1668
6540
7832
5163
2672
6338
3926
1995
5792
9718
4364
10036
850
5483
4984
3164
1701
7000
1676
7698
161
9376
8479
